0: [WARN]Starting game at: 2018-05-06 14:23:22.771203
0: [DEBUG]Process begin
0: [VERBOSE]Current FPS: 0.0
0: [VERBOSE]Time spent in frame: 0
0: [VERBOSE]Time spent doing calculations: 0
1: [DEBUG]Process end
1: [DEBUG]Process begin
2: [DEBUG]Tick at2018-05-06 14:23:22.903265
2: [DEBUG]Tick at2018-05-06 14:23:22.908380
2: [DEBUG]Tick at2018-05-06 14:23:22.913488
2: [DEBUG]Tick at2018-05-06 14:23:22.918601
2: [DEBUG]Tick at2018-05-06 14:23:22.923696
2: [DEBUG]Tick at2018-05-06 14:23:22.928806
2: [DEBUG]Tick at2018-05-06 14:23:22.933896
2: [DEBUG]Process end
2: [DEBUG]Process begin
3: [DEBUG]Tick at2018-05-06 14:23:22.939031
3: [DEBUG]Tick at2018-05-06 14:23:22.944204
3: [DEBUG]Tick at2018-05-06 14:23:22.949292
3: [DEBUG]Tick at2018-05-06 14:23:22.954368
3: [DEBUG]Tick at2018-05-06 14:23:22.959496
3: [DEBUG]Tick at2018-05-06 14:23:22.964602
3: [DEBUG]Process end
3: [DEBUG]Process begin
4: [DEBUG]Tick at2018-05-06 14:23:22.969696
4: [DEBUG]Tick at2018-05-06 14:23:22.974802
4: [DEBUG]Tick at2018-05-06 14:23:22.979918
4: [DEBUG]Tick at2018-05-06 14:23:22.985031
4: [DEBUG]Tick at2018-05-06 14:23:22.990143
4: [DEBUG]Tick at2018-05-06 14:23:22.995257
4: [DEBUG]Tick at2018-05-06 14:23:23.000394
4: [DEBUG]Process end
4: [DEBUG]Process begin
5: [DEBUG]Tick at2018-05-06 14:23:23.005467
5: [DEBUG]Tick at2018-05-06 14:23:23.010577
5: [DEBUG]Tick at2018-05-06 14:23:23.015656
5: [DEBUG]Tick at2018-05-06 14:23:23.020772
5: [DEBUG]Tick at2018-05-06 14:23:23.025896
5: [DEBUG]Tick at2018-05-06 14:23:23.030984
5: [DEBUG]Process end
5: [DEBUG]Process begin
6: [DEBUG]Tick at2018-05-06 14:23:23.036063
6: [DEBUG]Tick at2018-05-06 14:23:23.041173
6: [DEBUG]Tick at2018-05-06 14:23:23.046299
6: [DEBUG]Tick at2018-05-06 14:23:23.051410
6: [DEBUG]Tick at2018-05-06 14:23:23.056544
6: [DEBUG]Tick at2018-05-06 14:23:23.061675
6: [DEBUG]Tick at2018-05-06 14:23:23.066789
6: [DEBUG]Process end
6: [DEBUG]Process begin
7: [DEBUG]Tick at2018-05-06 14:23:23.071898
7: [DEBUG]Tick at2018-05-06 14:23:23.077022
7: [DEBUG]Tick at2018-05-06 14:23:23.082159
7: [DEBUG]Tick at2018-05-06 14:23:23.087272
7: [DEBUG]Tick at2018-05-06 14:23:23.092378
7: [DEBUG]Tick at2018-05-06 14:23:23.097534
7: [DEBUG]Process end
7: [DEBUG]Process begin
8: [DEBUG]Tick at2018-05-06 14:23:23.102630
8: [DEBUG]Tick at2018-05-06 14:23:23.107737
8: [DEBUG]Tick at2018-05-06 14:23:23.112853
8: [DEBUG]Tick at2018-05-06 14:23:23.117969
8: [DEBUG]Tick at2018-05-06 14:23:23.123078
8: [DEBUG]Tick at2018-05-06 14:23:23.128160
8: [DEBUG]Process end
8: [DEBUG]Process begin
9: [DEBUG]Tick at2018-05-06 14:23:23.134213
9: [DEBUG]Tick at2018-05-06 14:23:23.139327
9: [DEBUG]Tick at2018-05-06 14:23:23.144438
9: [DEBUG]Tick at2018-05-06 14:23:23.149517
9: [DEBUG]Tick at2018-05-06 14:23:23.154630
9: [DEBUG]Tick at2018-05-06 14:23:23.159740
9: [DEBUG]Tick at2018-05-06 14:23:23.164836
9: [DEBUG]Process end
9: [DEBUG]Process begin
10: [DEBUG]Tick at2018-05-06 14:23:23.169977
10: [DEBUG]Tick at2018-05-06 14:23:23.175063
10: [DEBUG]Tick at2018-05-06 14:23:23.180173
10: [DEBUG]Tick at2018-05-06 14:23:23.185288
10: [DEBUG]Tick at2018-05-06 14:23:23.190419
10: [DEBUG]Tick at2018-05-06 14:23:23.195541
10: [DEBUG]Process end
10: [DEBUG]Process begin
11: [DEBUG]Tick at2018-05-06 14:23:23.200646
11: [DEBUG]Tick at2018-05-06 14:23:23.205759
11: [DEBUG]Tick at2018-05-06 14:23:23.210873
11: [DEBUG]Tick at2018-05-06 14:23:23.215988
11: [DEBUG]Tick at2018-05-06 14:23:23.221100
11: [DEBUG]Tick at2018-05-06 14:23:23.226179
11: [DEBUG]Tick at2018-05-06 14:23:23.231286
11: [DEBUG]Process end
11: [DEBUG]Process begin
12: [DEBUG]Tick at2018-05-06 14:23:23.236394
12: [DEBUG]Tick at2018-05-06 14:23:23.241509
12: [DEBUG]Tick at2018-05-06 14:23:23.246617
12: [DEBUG]Tick at2018-05-06 14:23:23.251727
12: [DEBUG]Tick at2018-05-06 14:23:23.256838
12: [DEBUG]Tick at2018-05-06 14:23:23.261892
12: [DEBUG]Process end
12: [DEBUG]Process begin
13: [DEBUG]Tick at2018-05-06 14:23:23.266977
13: [DEBUG]Tick at2018-05-06 14:23:23.272088
13: [DEBUG]Tick at2018-05-06 14:23:23.277166
13: [DEBUG]Tick at2018-05-06 14:23:23.282271
13: [DEBUG]Tick at2018-05-06 14:23:23.287379
13: [DEBUG]Tick at2018-05-06 14:23:23.292528
13: [DEBUG]Tick at2018-05-06 14:23:23.297604
13: [DEBUG]Process end
13: [DEBUG]Process begin
14: [DEBUG]Tick at2018-05-06 14:23:23.302711
14: [DEBUG]Tick at2018-05-06 14:23:23.307830
14: [DEBUG]Tick at2018-05-06 14:23:23.312940
14: [DEBUG]Tick at2018-05-06 14:23:23.318052
14: [DEBUG]Tick at2018-05-06 14:23:23.323160
14: [DEBUG]Tick at2018-05-06 14:23:23.328270
14: [DEBUG]Process end
14: [DEBUG]Process begin
15: [DEBUG]Tick at2018-05-06 14:23:23.333372
15: [DEBUG]Tick at2018-05-06 14:23:23.338479
15: [DEBUG]Tick at2018-05-06 14:23:23.343554
15: [DEBUG]Tick at2018-05-06 14:23:23.348695
15: [DEBUG]Tick at2018-05-06 14:23:23.353807
15: [DEBUG]Tick at2018-05-06 14:23:23.358940
15: [DEBUG]Tick at2018-05-06 14:23:23.364071
15: [DEBUG]Process end
15: [DEBUG]Process begin
16: [DEBUG]Tick at2018-05-06 14:23:23.369161
16: [DEBUG]Tick at2018-05-06 14:23:23.374278
16: [DEBUG]Tick at2018-05-06 14:23:23.379392
16: [DEBUG]Tick at2018-05-06 14:23:23.384497
16: [DEBUG]Tick at2018-05-06 14:23:23.389573
16: [DEBUG]Tick at2018-05-06 14:23:23.394684
16: [DEBUG]Process end
16: [DEBUG]Process begin
17: [DEBUG]Tick at2018-05-06 14:23:23.399762
17: [DEBUG]Tick at2018-05-06 14:23:23.404846
17: [DEBUG]Tick at2018-05-06 14:23:23.409916
17: [DEBUG]Tick at2018-05-06 14:23:23.415024
17: [DEBUG]Tick at2018-05-06 14:23:23.420142
17: [DEBUG]Tick at2018-05-06 14:23:23.425248
17: [DEBUG]Process end
17: [DEBUG]Process begin
18: [DEBUG]Tick at2018-05-06 14:23:23.431290
18: [DEBUG]Tick at2018-05-06 14:23:23.436403
18: [DEBUG]Tick at2018-05-06 14:23:23.441479
18: [DEBUG]Tick at2018-05-06 14:23:23.446592
18: [DEBUG]Tick at2018-05-06 14:23:23.451705
18: [DEBUG]Tick at2018-05-06 14:23:23.456811
18: [DEBUG]Tick at2018-05-06 14:23:23.461922
18: [DEBUG]Process end
18: [DEBUG]Process begin
19: [DEBUG]Tick at2018-05-06 14:23:23.467036
19: [DEBUG]Tick at2018-05-06 14:23:23.472131
19: [DEBUG]Tick at2018-05-06 14:23:23.477237
19: [DEBUG]Tick at2018-05-06 14:23:23.482339
19: [DEBUG]Tick at2018-05-06 14:23:23.487462
19: [DEBUG]Tick at2018-05-06 14:23:23.492580
19: [DEBUG]Tick at2018-05-06 14:23:23.497676
19: [DEBUG]Process end
19: [DEBUG]Process begin
20: [DEBUG]Tick at2018-05-06 14:23:23.502896
20: [DEBUG]Tick at2018-05-06 14:23:23.508044
20: [DEBUG]Tick at2018-05-06 14:23:23.513135
20: [DEBUG]Tick at2018-05-06 14:23:23.518240
20: [DEBUG]Tick at2018-05-06 14:23:23.523371
20: [DEBUG]Tick at2018-05-06 14:23:23.528483
20: [DEBUG]Process end
20: [DEBUG]Process begin
21: [DEBUG]Tick at2018-05-06 14:23:23.533602
21: [DEBUG]Tick at2018-05-06 14:23:23.538693
21: [DEBUG]Tick at2018-05-06 14:23:23.543768
21: [DEBUG]Tick at2018-05-06 14:23:23.548836
21: [DEBUG]Tick at2018-05-06 14:23:23.553915
21: [DEBUG]Tick at2018-05-06 14:23:23.558985
21: [DEBUG]Process end
21: [DEBUG]Process begin
22: [DEBUG]Tick at2018-05-06 14:23:23.564605
22: [DEBUG]Tick at2018-05-06 14:23:23.569695
22: [DEBUG]Tick at2018-05-06 14:23:23.574765
22: [DEBUG]Tick at2018-05-06 14:23:23.579833
22: [DEBUG]Tick at2018-05-06 14:23:23.584906
22: [DEBUG]Tick at2018-05-06 14:23:23.589976
22: [DEBUG]Tick at2018-05-06 14:23:23.595046
22: [DEBUG]Process end
22: [DEBUG]Process begin
23: [DEBUG]Tick at2018-05-06 14:23:23.600117
23: [DEBUG]Tick at2018-05-06 14:23:23.605200
23: [DEBUG]Tick at2018-05-06 14:23:23.610282
23: [DEBUG]Tick at2018-05-06 14:23:23.615352
23: [DEBUG]Tick at2018-05-06 14:23:23.620430
23: [DEBUG]Tick at2018-05-06 14:23:23.625498
23: [DEBUG]Process end
23: [DEBUG]Process begin
24: [DEBUG]Tick at2018-05-06 14:23:23.630786
24: [DEBUG]Tick at2018-05-06 14:23:23.635867
24: [DEBUG]Tick at2018-05-06 14:23:23.640938
24: [DEBUG]Tick at2018-05-06 14:23:23.646016
24: [DEBUG]Tick at2018-05-06 14:23:23.651093
24: [DEBUG]Tick at2018-05-06 14:23:23.656164
24: [DEBUG]Tick at2018-05-06 14:23:23.661250
24: [DEBUG]Process end
24: [DEBUG]Process begin
25: [DEBUG]Tick at2018-05-06 14:23:23.666327
25: [DEBUG]Tick at2018-05-06 14:23:23.671397
25: [DEBUG]Tick at2018-05-06 14:23:23.676481
25: [DEBUG]Tick at2018-05-06 14:23:23.681554
25: [DEBUG]Tick at2018-05-06 14:23:23.686631
25: [DEBUG]Tick at2018-05-06 14:23:23.691725
25: [DEBUG]Process end
25: [DEBUG]Process begin
26: [DEBUG]Tick at2018-05-06 14:23:23.696797
26: [DEBUG]Tick at2018-05-06 14:23:23.701878
26: [DEBUG]Tick at2018-05-06 14:23:23.706954
26: [DEBUG]Tick at2018-05-06 14:23:23.712030
26: [DEBUG]Tick at2018-05-06 14:23:23.717107
26: [DEBUG]Tick at2018-05-06 14:23:23.722182
26: [DEBUG]Tick at2018-05-06 14:23:23.727251
26: [DEBUG]Process end
26: [DEBUG]Process begin
27: [DEBUG]Tick at2018-05-06 14:23:23.732332
27: [DEBUG]Tick at2018-05-06 14:23:23.737404
27: [DEBUG]Tick at2018-05-06 14:23:23.742495
27: [DEBUG]Tick at2018-05-06 14:23:23.747581
27: [DEBUG]Tick at2018-05-06 14:23:23.752668
27: [DEBUG]Tick at2018-05-06 14:23:23.757745
27: [DEBUG]Process end
27: [DEBUG]Process begin
28: [DEBUG]Tick at2018-05-06 14:23:23.762817
28: [DEBUG]Tick at2018-05-06 14:23:23.767886
28: [DEBUG]Tick at2018-05-06 14:23:23.772960
28: [DEBUG]Tick at2018-05-06 14:23:23.778030
28: [DEBUG]Tick at2018-05-06 14:23:23.783101
28: [DEBUG]Tick at2018-05-06 14:23:23.788172
28: [DEBUG]Tick at2018-05-06 14:23:23.793241
28: [DEBUG]Process end
28: [DEBUG]Process begin
29: [DEBUG]Tick at2018-05-06 14:23:23.798340
29: [DEBUG]Tick at2018-05-06 14:23:23.803458
29: [DEBUG]Tick at2018-05-06 14:23:23.808571
29: [DEBUG]Tick at2018-05-06 14:23:23.813684
29: [DEBUG]Tick at2018-05-06 14:23:23.818830
29: [DEBUG]Tick at2018-05-06 14:23:23.824036
29: [DEBUG]Process end
29: [DEBUG]Process begin
30: [DEBUG]Tick at2018-05-06 14:23:23.829206
30: [DEBUG]Tick at2018-05-06 14:23:23.834317
30: [DEBUG]Tick at2018-05-06 14:23:23.839414
30: [DEBUG]Tick at2018-05-06 14:23:23.844522
30: [DEBUG]Tick at2018-05-06 14:23:23.849621
30: [DEBUG]Tick at2018-05-06 14:23:23.854767
30: [DEBUG]Tick at2018-05-06 14:23:23.859884
30: [DEBUG]Process end
30: [DEBUG]Process begin
30: [VERBOSE]Current FPS: 30.2114810944
30: [VERBOSE]Time spent in frame: 33
30: [VERBOSE]Time spent doing calculations: 3
31: [DEBUG]Tick at2018-05-06 14:23:23.864992
31: [DEBUG]Tick at2018-05-06 14:23:23.870105
31: [DEBUG]Tick at2018-05-06 14:23:23.875201
31: [DEBUG]Tick at2018-05-06 14:23:23.880347
31: [DEBUG]Tick at2018-05-06 14:23:23.885426
31: [DEBUG]Tick at2018-05-06 14:23:23.890506
31: [DEBUG]Process end
31: [DEBUG]Process begin
32: [DEBUG]Tick at2018-05-06 14:23:23.895684
32: [DEBUG]Tick at2018-05-06 14:23:23.900805
32: [DEBUG]Tick at2018-05-06 14:23:23.905940
32: [DEBUG]Tick at2018-05-06 14:23:23.911065
32: [DEBUG]Tick at2018-05-06 14:23:23.916214
32: [DEBUG]Tick at2018-05-06 14:23:23.921346
32: [DEBUG]Process end
32: [DEBUG]Process begin
33: [DEBUG]Tick at2018-05-06 14:23:23.927405
33: [DEBUG]Tick at2018-05-06 14:23:23.932537
33: [DEBUG]Tick at2018-05-06 14:23:23.937649
33: [DEBUG]Tick at2018-05-06 14:23:23.942764
33: [DEBUG]Tick at2018-05-06 14:23:23.947869
33: [DEBUG]Tick at2018-05-06 14:23:23.952984
33: [DEBUG]Tick at2018-05-06 14:23:23.958110
33: [DEBUG]Process end
33: [DEBUG]Process begin
34: [DEBUG]Tick at2018-05-06 14:23:23.963218
34: [DEBUG]Tick at2018-05-06 14:23:23.968294
34: [DEBUG]Tick at2018-05-06 14:23:23.973396
34: [DEBUG]Tick at2018-05-06 14:23:23.978511
34: [DEBUG]Tick at2018-05-06 14:23:23.983589
34: [DEBUG]Tick at2018-05-06 14:23:23.988782
34: [DEBUG]Process end
34: [DEBUG]Process begin
35: [DEBUG]Tick at2018-05-06 14:23:23.994836
35: [DEBUG]Tick at2018-05-06 14:23:23.999962
35: [DEBUG]Tick at2018-05-06 14:23:24.005044
35: [DEBUG]Tick at2018-05-06 14:23:24.010157
35: [DEBUG]Tick at2018-05-06 14:23:24.015266
35: [DEBUG]Tick at2018-05-06 14:23:24.020382
35: [DEBUG]Tick at2018-05-06 14:23:24.025455
35: [DEBUG]Process end
35: [DEBUG]Process begin
36: [DEBUG]Tick at2018-05-06 14:23:24.030577
36: [DEBUG]Tick at2018-05-06 14:23:24.035688
36: [DEBUG]Tick at2018-05-06 14:23:24.040767
36: [DEBUG]Tick at2018-05-06 14:23:24.045878
36: [DEBUG]Tick at2018-05-06 14:23:24.050987
36: [DEBUG]Tick at2018-05-06 14:23:24.056109
36: [DEBUG]Process end
36: [DEBUG]Process begin
37: [DEBUG]Tick at2018-05-06 14:23:24.061199
37: [DEBUG]Tick at2018-05-06 14:23:24.066322
37: [DEBUG]Tick at2018-05-06 14:23:24.071389
37: [DEBUG]Tick at2018-05-06 14:23:24.076477
37: [DEBUG]Tick at2018-05-06 14:23:24.081651
37: [DEBUG]Tick at2018-05-06 14:23:24.086735
37: [DEBUG]Tick at2018-05-06 14:23:24.091840
37: [DEBUG]Process end
37: [DEBUG]Process begin
38: [DEBUG]Tick at2018-05-06 14:23:24.096971
38: [DEBUG]Tick at2018-05-06 14:23:24.102076
38: [DEBUG]Tick at2018-05-06 14:23:24.107151
38: [DEBUG]Tick at2018-05-06 14:23:24.112262
38: [DEBUG]Tick at2018-05-06 14:23:24.117370
38: [DEBUG]Tick at2018-05-06 14:23:24.122497
38: [DEBUG]Process end
38: [DEBUG]Process begin
39: [DEBUG]Tick at2018-05-06 14:23:24.127586
39: [DEBUG]Tick at2018-05-06 14:23:24.132697
39: [DEBUG]Tick at2018-05-06 14:23:24.137805
39: [DEBUG]Tick at2018-05-06 14:23:24.142914
39: [DEBUG]Tick at2018-05-06 14:23:24.147997
39: [DEBUG]Tick at2018-05-06 14:23:24.153104
39: [DEBUG]Tick at2018-05-06 14:23:24.158218
39: [DEBUG]Process end
39: [DEBUG]Process begin
40: [DEBUG]Tick at2018-05-06 14:23:24.163347
40: [DEBUG]Tick at2018-05-06 14:23:24.168439
40: [WARN]Quitting game at: 2018-05-06 14:23:24.168492
40: [DEBUG]Tick at2018-05-06 14:23:24.173622
40: [DEBUG]Process end
40: [WARN]Game exited at: 2018-05-06 14:23:24.632259
